layout_spectrum: 0.2286967
color:
  saturation: 0.2895964
  lightness: 0.6270263
  brandStrength: 0.3609039
  rhythmicContrast: 0.5296198
typography_spectrum: 0.2445755
name: LsdV
